07.10.2026	12:58
Amplitude: 0,20 V
Frequency  (Hz),Gain (dB) ,Phase (deg)
100,000	20,094	179,885
125,893	20,086	179,900
158,489	20,085	179,884
199,526	20,094	179,852
251,189	20,091	179,835
316,228	20,094	179,783
398,107	20,093	179,733
501,187	20,093	179,667
630,957	20,085	179,531
794,328	20,084	179,448
1000,000	20,063	179,179
1258,925	20,073	179,049
1584,893	20,128	178,761
1995,262	20,139	178,407
2511,886	20,143	178,013
3162,278	20,143	177,552
3981,072	20,140	176,963
5011,872	20,143	176,364
6309,573	20,076	175,402
7943,282	20,105	174,849
10000,000	20,311	173,320
12589,254	20,322	171,844
15848,932	20,283	170,728
19952,623	20,046	166,956
25118,864	19,993	164,287
31622,777	19,902	159,899
39810,717	19,783	154,494
50118,723	19,576	146,799
63095,734	18,958	135,642
79432,823	17,345	122,070
100000,000	15,136	111,482
