07.10.2026	13:00
Amplitude: 2,00 V
Frequency  (Hz),Gain (dB) ,Phase (deg)
100,000	16,641	179,951
125,893	16,635	179,940
158,489	16,630	179,910
199,526	16,627	179,872
251,189	16,628	179,856
316,228	16,624	179,796
398,107	16,636	179,737
501,187	16,636	179,677
630,957	16,645	179,584
794,328	16,651	179,491
1000,000	16,627	179,322
1258,925	16,627	179,170
1584,893	16,626	178,897
1995,262	16,628	178,542
2511,886	16,626	178,102
3162,278	16,631	177,514
3981,072	16,636	176,558
5011,872	16,680	174,098
6309,573	16,396	166,183
7943,282	15,978	155,803
10000,000	15,445	139,550
12589,254	14,515	130,803
15848,932	13,023	122,026
19952,623	11,415	111,714
25118,864	9,494	105,670
31622,777	7,386	100,850
39810,717	5,231	97,493
50118,723	3,061	93,664
63095,734	0,737	89,854
79432,823	-1,382	87,750
100000,000	-3,751	86,785
