07.10.2026	13:17
Amplitude: 0,20 V
Frequency  (Hz),Gain (dB) ,Phase (deg)
100,000	-20,913	-0,080
125,893	-20,915	-0,077
158,489	-20,916	-0,123
199,526	-20,920	-0,139
251,189	-20,914	-0,140
316,228	-20,910	-0,212
398,107	-20,675	-0,308
501,187	-21,563	-0,268
630,957	-23,174	-0,084
794,328	-23,901	-0,085
1000,000	-20,952	-0,771
1258,925	-20,977	-0,883
1584,893	-20,985	-1,186
1995,262	-20,905	-1,545
2511,886	-20,885	-1,947
3162,278	-20,887	-2,392
3981,072	-20,737	-3,333
5011,872	-21,342	-2,724
6309,573	-22,448	-0,830
7943,282	-23,059	-0,175
10000,000	-21,121	-4,415
12589,254	-21,490	-1,238
15848,932	-21,796	0,224
19952,623	-21,192	-8,785
25118,864	-21,360	-4,213
31622,777	-22,031	-4,410
39810,717	-23,814	-19,898
50118,723	-23,369	-47,986
63095,734	-21,564	-57,992
79432,823	-20,371	-49,527
100000,000	-20,596	-52,306
