07.10.2026	13:16
Amplitude: 2,00 V
Frequency  (Hz),Gain (dB) ,Phase (deg)
100,000	-18,859	-0,078
125,893	-18,858	-0,087
158,489	-18,857	-0,111
199,526	-18,856	-0,140
251,189	-18,855	-0,179
316,228	-18,842	-0,234
398,107	-18,848	-0,348
501,187	-18,959	-0,494
630,957	-18,831	-0,696
794,328	-18,399	-0,953
1000,000	-18,895	-0,832
1258,925	-18,898	-0,820
1584,893	-18,869	-1,112
1995,262	-18,826	-1,488
2511,886	-18,767	-2,118
3162,278	-18,861	-2,199
3981,072	-19,076	-3,620
5011,872	-19,227	-6,573
6309,573	-19,043	-8,538
7943,282	-18,906	-8,308
10000,000	-19,756	-9,427
12589,254	-19,999	-9,570
15848,932	-20,371	-11,398
19952,623	-21,679	-15,853
25118,864	-21,694	-19,447
31622,777	-21,788	-24,560
39810,717	-21,953	-30,086
50118,723	-21,998	-37,256
63095,734	-21,858	-43,963
79432,823	-21,727	-51,968
100000,000	-21,069	-60,627
